1766534414499 1.4016451433752521 1
1766534444529 1.1326500570232219 2
1766534474878 1.025831465242487 3
1766534513479 1.1295143178466596 4
1766534550482 0.5419276551992604 5
1766534586385 0.3826942482511654 6
1766534622702 0.3459345680294615 7
1766534658740 0.2765264422068316 8
1766534696252 0.21803049745997696 9
1766534732419 0.23666450338946146 10
1766534768119 0.17846323895112923 11
1766534806098 0.1433544663772354 12
1766534841394 0.15535485110101008 13
1766534878118 0.11180901307362189 14
1766534916004 0.16778490925207734 15
1766534951363 0.10833685418809623 16
1766534989156 0.12684763132843233 17
1766535025334 0.10465307686315624 18
1766535061624 0.11127763449313176 19
1766535097935 0.11954509157680371 20
1766535133651 0.09887718531535938 21
1766535170271 0.09098930261119897 22
1766535208555 0.0798449249244489 23
