1766579981097 1.4016451433752521 1
1766580009081 1.1326500570232219 2
1766580037103 1.025831465242487 3
1766580070896 1.1295143178466596 4
1766580104713 0.5419276551992604 5
1766580138939 0.3826942482511654 6
1766580173484 0.3459345680294615 7
1766580209700 0.2765264422068316 8
1766580244365 0.21803049745997696 9
1766580279074 0.23666450338946146 10
1766580314036 0.17846323895112923 11
1766580348747 0.1433544663772354 12
1766580383674 0.15535485110101008 13
1766580417652 0.11180901307362189 14
1766580451897 0.16778490925207734 15
1766580486309 0.10833685418809623 16
1766580520710 0.12684763132843233 17
1766580554855 0.10465307686315624 18
1766580589113 0.11127763449313176 19
1766580623312 0.11954509157680371 20
1766580657937 0.09887718531535938 21
1766580692403 0.09098930261119897 22
1766580726806 0.0798449249244489 23
